 909
 910
 911
 912
 913
 914
 916
 917
 919
 921
 922
 923
 925
 926
 928
 930
 931
 933
 935
 937
 938
 940
 942
 944
 945
 947
 949
 950
 952
 953
 955
 956
 958
 959
 961
 962
 964
 965
 967
 968
 970
 972
 973
 975
 976
 978
 980
 981
 983
 984
 986
 987
 989
 991
 993
 994
 996
 998
 999
1001
1003
1004
1005
1006
1008
1009
1010
1012
1014
1015
1016
1018
1019
1020
1021
1022
1024
1025
1026
1028
1029
1030
1031
1033
1034
1036
1037
1038
1040
1041
1042
1043
1044
1045
1046
1047
1049
1050
1051
1052
1053
1054
1055
1056
1057
1058
1060
1061
1062
1063
1064
1065
1066
1067
1068
1069
1070
1071
1072
1073
1074
1075
1076
1077
1078
1079
1080
1081
1082
1083
1084
1085
1087
1089
1090
1092
1093
1094
1095
1096
1097
1098
1100
1101
1103
1105
1107
1109
1110
1111
1112
1113
1114
1116
1118
1120
1122
1124
1126
1128
1130
1132
1133
1135
1137
1139
1141
1142
1144
1146
1148
1150
1152
1154
1156
1158
1160
1162
1164
1166
1168
1170
1172
1173
1175
1177
1179
1180
1182
1184
1186
1187
1189
1191
1193
1194
1196
1198
1200
1202
1204
1206
1208
1210
1212
1214
1215
1217
1219
1221
1223
1225
1226
1228
1230
1232
1234
1236
1237
1239
1241
1243
1245
1247
1248
1250
1252
1254
1256
1258
1259
1261
1263
1265
1267
1269
1271
1273
1275
1277
1279
1280
1282
1284
1286
1288
1290
1292
1294
1296
1298
1300
1301
1303
1305
1307
1309
1311
1313
1315
1317
1319
1321
1322
1324
1326
1328
1329
1331
1333
1335
1336
1338
1340
1342
1343
1345
1347
1349
1351
1353
1355
1357
1359
1361
1363
1364
1365
1367
1368
1369
1370
1372
1373
1374
1375
1377
1378
1379
1380
1382
1383
1384
1385
1386
1388
1389
1390
1391
1392
1394
1395
1396
1397
1398
1399
1401
1402
1403
1405
1406
1407
1409
1410
1411
1413
1414
1415
1417
1418
1419
1420
1422
1423
1424
1425
1427
1428
1429
1430
1431
1433
1434
1435
1436
1438
1439
1440
1441
1443
1444
1445
1446
1447
1449
1450
1451
1452
1454
1455
1456
1457
1459
1460
1461
1462
1463
1465
1466
1467
1468
1470
1471
1472
1473
1475
1476
1477
1478
1479
1481
1482
1483
1484
1486
1487
1488
1489
1491
1492
1493
1494
1495
1497
1498
1499
1501
1502
1503
1505
1506
1507
1509
1510
1511
1513
1514
1515
1516
1517
1518
1520
1521
1522
1523
1524
1525
1526
1528
1529
1530
1531
1533
1534
1535
1536
1537
1539
1540
1541
1543
1544
1545
1546
1548
1549
1550
1551
1553
1554
1555
1556
1558
1559
1560
1561
1563
1564
1565
1566
1567
1569
1570
1571
1572
1574
1575
1576
1577
1579
1580
1581
1582
1584
1585
1586
1587
1589
1590
1591
1592
1594
1595
1596
1597
1598
1600
1601
1602
1604
1605
1606
1608
1609
1610
1612
1613
1614
1616
1617
1618
1619
1620
1621
1623
1624
1625
1626
1627
1628
1629
1631
1632
1633
1635
1636
1637
1639
1640
1641
1642
1643
1643
1643
1644
1646
1647
1648
1649
1650
1651
1652
1653
1655
1656
1657
1658
1659
1660
1661
1662
1663
1664
1665
1667
1668
1669
1670
1672
1673
1675
1677
1678
1679
1681
1682
1683
1684
1685
1687
1689
1691
1692
1693
1695
1696
1697
1699
1700
1702
1703
1704
1705
1706
1707
1708
1709
1710
1711
1711
1711
1711
1711
1711
1712
1713
1714
1715
1717
1718
1719
1720
1722
1723
1725
1726
1728
1729
1731
1732
1733
1735
1736
1738
1739
1740
1742
1743
1745
1747
1749
1750
1752
1753
1755
1757
1759
1760
1762
1763
1765
1767
1769
1771
1773
1774
1775
1776
1778
1779
1781
1782
1783
1785
1786
1787
1789
1791
1792
1793
1794
1796
1797
1798
1799
1801
1802
1803
1805
1806
1807
1808
1808
1808
1808
1808
1807
1806
1805
1805
1806
1808
1810
1811
1812
1814
1815
1817
1818
1820
1822
1823
1825
1827
1828
1830
1831
1832
1833
1835
1837
1838
1839
1841
1842
1843
1844
1846
1847
1849
1850
1851
1853
1855
1857
1858
1860
1861
1863
1865
1866
1867
1869
1871
1872
1873
1875
1876
1878
1880
1881
1882
1884
1885
1886
1888
1889
1890
1891
1892
1893
1894
1895
1897
1898
1899
1900
1901
1902
1903
1905
1907
1908
1909
1910
1911
1912
1913
1914
1915
1916
1917
1918
1919
1920
1921
1922
1923
1924
1925
1927
1928
1930
1931
1932
1933
1934
1935
1936
1937
1938
1939
1941
1942
1944
1946
1947
1948
1950
1952
1954
1955
1957
1958
1960
1962
1964
1965
1966
1966
1966
1966
1965
1964
1964
1967
1968
1969
1970
1971
1972
1973
1974
1976
1978
1979
1981
1982
1984
1986
1987
1989
1990
1992
1993
1995
1997
1999
2001
2002
2004
2005
2007
2008
2009
2011
2013
2014
2016
2018
2019
2021
2022
2024
2026
2028
2029
2030
2032
2033
2035
2036
2038
2039
2040
2042
2043
2044
2046
2048
2050
2052
2053
2055
2057
2059
2060
2061
2063
2064
2065
2066
2068
2069
2070
2072
2074
2075
2077
2078
2080
2082
2083
2085
2086
2087
2089
2090
2092
2093
2095
2097
2098
2100
2101
2102
2103
2104
2104
2104
2104
2104
2104
2104
2104
2105
2105
2105
2105
2105
2105
2105
2105
2105
2105
2106
2106
2106
2106
2106
2106
2106
2106
2107
2109
2110
2111
2113
2114
2116
2118
2120
2121
2121
2121
2121
2121
2121
2121
2121
2121
2121
2121
2121
2121
2121
2121
2121
2121
2121
2121
2121
2121
2121
2121
2120
2120
2120
2120
2119
2119
2119
2118
2117
2117
2116
2115
2115
2114
2113
2112
2113
2114
2115
2117
2118
2119
2121
2122
2123
2125
2126
2127
2129
2130
2131
2132
2134
2135
2136
2138
2139
2140
2142
2143
2144
2146
2147
2148
2149
2151
2152
2153
2155
2156
2157
2159
2160
2161
2163
2164
2165
2166
2168
2169
2170
2171
2173
2174
2175
2176
2178
2179
2180
2181
2182
2184
2185
2186
2188
2189
2190
2192
2193
2194
2196
2197
2198
2199
2201
2202
2203
2205
2206
2207
2209
2210
2211
2213
2214
2215
2216
2218
2219
2220
2222
2223
2224
2226
2227
2228
2230
2231
2232
2233
2235
2236
2237
2238
2240
2241
2242
2243
2244
2246
2247
2248
2249
2250
2252
2253
2254
2256
2257
2258
2260
2261
2262
2264
2265
2266
2267
2269
2270
2271
2273
2274
2275
2277
2278
2279
2281
2282
2283
2284
2286
2287
2288
2289
2291
2292
2293
2294
2296
2297
2298
2299
2300
2302
2303
2304
2306
2307
2308
2310
2311
2312
2314
2315
2316
2317
2319
2320
2321
2323
2324
2325
2327
2328
2329
2331
2332
2333
2334
2336
2338
2339
2340
2341
2342
2343
2344
2345
2346
2347
2348
2349
2350
2351
2352
2353
2354
2355
2357
2358
2359
2360
2362
2363
2364
2366
2368
2370
2371
2372
2373
2374
2375
2377
2378
2379
2379
2379
2380
2381
2382
2383
2384
2385
2386
2387
2388
2389
2391
2392
2393
2395
2396
2397
2399
2400
2401
2402
2404
2405
2407
2408
2409
2410
2411
2413
2414
2416
2417
2418
2419
2421
2422
2423
2424
2425
2427
2429
2431
2432
2434
2435
2437
2439
2440
2442
2443
2444
2446
2448
2449
2451
2452
2452
2452
2452
2452
2453
2455
2456
2457
2458
2459
2460
2461
2462
2464
2465
2466
2468
2469
2471
2472
2474
2475
2477
2478
2480
2481
2482
2483
2483
2484
2486
2487
2488
2489
2490
2492
2493
2494
2495
2496
2497
2498
2499
2501
2503
2505
2506
2508
2510
2512
2514
2516
2517
2519
2521
2522
2523
2524
2525
2527
2529
2530
2531
2532
2533
2534
2535
2537
2538
2539
2540
2541
2541
2541
2541
2541
2541
2541
2541
2541
2540
2539
2541
2542
2543
2544
2545
2546
2548
2549
2551
2552
2554
2555
2557
2558
2560
2561
2562
2563
2564
2565
2566
2567
2568
2569
2570
2571
2572
2573
2574
2575
2576
2577
2578
2579
2580
2581
2582
2583
2584
2585
2586
2587
2588
2589
2590
2591
2592
2593
2594
2595
2596
2597
2598
2599
2600
2601
2602
2603
2604
2605
2607
2608
2609
2610
2611
2612
2614
2615
2616
2617
2618
2619
2620
2621
2623
2625
2626
2628
2629
2630
2631
2633
2634
2635
2636
2637
2639
2640
2641
2642
2643
2644
2645
2646
2647
2649
2650
2652
2653
2654
2655
2656
2657
2658
2659
2660
2662
2663
2664
2665
2666
2667
2668
2669
2670
2671
2672
2673
2674
2675
2676
2677
2679
2680
2682
2683
2684
2685
2686
2687
2688
2689
2691
2692
2693
2694
2696
2697
2699
2700
2701
2702
2704
2706
2707
2708
2709
2710
2711
2712
2713
2714
2715
2716
2717
2718
2719
2720
2721
2722
2723
2724
2725
2726
2727
2729
2730
2731
2732
2733
2734
2735
2736
2737
2738
2739
2740
2741
2742
2743
2744
2745
2746
2747
2748
2749
2750
2751
2752
2753
2754
2755
2756
2757
2758
2759
2760
2761
2761
2762
2763
2765
2766
2767
2768
2769
2770
2771
2772
2773
2774
2774
2774
2774
